#bin	name	chrom	strand	txStart	txEnd	cdsStart	cdsEnd	exonCount	exonStarts	exonEnds	score	name2	cdsStartStat	cdsEndStat	exonFrames
3	ENST00000271620	chr1	+	150980952	151008189	150981108	151006710	8	150980952,150990287,150990942,150997086,150997990,150999708,151001261,151006281,	150981147,150990380,150991145,150997271,150998149,150999803,151001420,151008189,	0	ENSG00000143363	cmpl	cmpl	0,0,0,2,1,1,0,0,
0	ENST00000237247	chr1	+	66999065	67210057	67000041	67208778	27	66999065,66999928,67091529,67098752,67099762,67105459,67108492,67109226,67126195,67133212,67136677,67137626,67138963,67142686,67145360,67147551,67149789,67154830,67155872,67161116,67184976,67194946,67199430,67205017,67206340,67206954,67208755,	66999090,67000051,67091593,67098777,67099846,67105516,67108547,67109402,67126207,67133224,67136702,67137678,67139049,67142779,67145435,67148052,67149870,67154958,67155999,67161176,67185088,67195102,67199563,67205220,67206405,67207119,67210057,	0	ENSG00000118473	cmpl	cmpl	-1,0,1,2,0,0,0,1,0,0,0,1,2,1,1,1,1,1,0,1,1,2,2,0,2,1,1,
0	ENST00000371039	chr1	+	66999274	67210768	67000041	67208778	22	66999274,66999928,67091529,67098752,67105459,67108492,67109226,67136677,67137626,67138963,67142686,67145360,67154830,67155872,67160121,67184976,67194946,67199430,67205017,67206340,67206954,67208755,	66999355,67000051,67091593,67098777,67105516,67108547,67109402,67136702,67137678,67139049,67142779,67145435,67154958,67155999,67160187,67185088,67195102,67199563,67205220,67206405,67207119,67210768,	0	ENSG00000118473	cmpl	cmpl	-1,0,1,2,0,0,1,0,1,2,1,1,1,0,1,1,2,2,0,2,1,1,
0	ENST00000424320	chr1	+	66999297	67145425	67000041	67145425	13	66999297,66999928,67091529,67098752,67101626,67105459,67108492,67109226,67136677,67137626,67138963,67142686,67145360,	66999355,67000051,67091593,67098777,67101698,67105516,67108547,67109402,67136702,67137678,67139049,67142779,67145425,	0	ENSG00000118473	incmpl	incmpl	-1,0,1,2,0,0,0,1,0,1,2,1,1,
0	ENST00000371035	chr1	+	66999822	67208882	67000041	67208778	22	66999822,67091529,67098752,67108492,67109226,67126195,67133212,67136677,67137626,67138963,67142686,67145360,67154830,67155872,67161116,67184976,67194946,67199430,67205017,67206340,67206954,67208755,	67000051,67091593,67098777,67108547,67109402,67126207,67133224,67136702,67137678,67139049,67142779,67145435,67154958,67155999,67161176,67185088,67195102,67199563,67205220,67206405,67207119,67208882,	0	ENSG00000118473	cmpl	cmpl	0,1,2,0,1,0,0,0,1,2,1,1,1,0,1,1,2,2,0,2,1,1,
0	ENST00000468286	chr1	+	66999838	67142779	67142779	67142779	10	66999838,67091529,67098752,67105459,67108492,67109226,67136677,67137626,67138963,67142686,	67000051,67091593,67098777,67105516,67108547,67109402,67136702,67137678,67139049,67142779,	0	ENSG00000118473	none	none	-1,-1,-1,-1,-1,-1,-1,-1,-1,-1,
0	ENST00000371036	chr1	+	66999868	67213982	67000044	67208778	21	66999868,67091529,67098752,67105459,67108492,67109226,67136677,67137626,67138963,67142686,67145360,67154830,67155872,67160121,67184976,67194946,67199430,67205017,67206340,67206954,67208755,	67000051,67091593,67098777,67105516,67108547,67109402,67136702,67137678,67139049,67142779,67145435,67154958,67155999,67160187,67185088,67195102,67199563,67205220,67206405,67207119,67213982,	0	ENSG00000118473	cmpl	cmpl	0,1,2,0,0,1,0,1,2,1,1,1,0,1,1,2,2,0,2,1,1,
0	ENST00000371037	chr1	+	66999964	67213982	67000041	67208778	25	66999964,67091529,67098752,67101626,67105459,67108492,67109226,67126195,67133212,67136677,67137626,67138963,67142686,67145360,67147551,67154830,67155872,67161116,67184976,67194946,67199430,67205017,67206340,67206954,67208755,	67000051,67091593,67098777,67101698,67105516,67108547,67109402,67126207,67133224,67136702,67137678,67139049,67142779,67145435,67148052,67154958,67155999,67161176,67185088,67195102,67199563,67205220,67206405,67207119,67213982,	0	ENSG00000118473	cmpl	cmpl	0,1,2,0,0,0,1,0,0,0,1,2,1,1,1,1,0,1,1,2,2,0,2,1,1,
0	ENST00000483060	chr1	+	67091530	67109695	67109695	67109695	6	67091530,67098752,67101626,67105459,67108492,67109226,	67091593,67098777,67101698,67105516,67108547,67109695,	0	ENSG00000118473	none	none	-1,-1,-1,-1,-1,-1,
1	ENST00000337132	chr1	+	16767166	16786573	16767256	16785385	8	16767166,16770126,16774364,16774554,16775587,16778332,16782312,16785336,	16767348,16770227,16774469,16774636,16775696,16778510,16782388,16786573,	0	ENSG00000157191	cmpl	cmpl	0,2,1,1,2,0,1,2,
1	ENST00000504551	chr1	+	16767215	16785503	16767256	16785385	6	16767215,16774364,16775587,16778332,16782312,16785336,	16767348,16774469,16775696,16778510,16782388,16785503,	0	ENSG00000157191	cmpl	cmpl	0,2,2,0,1,2,
1	ENST00000406746	chr1	+	16767218	16786572	16767256	16785385	9	16767218,16770126,16774364,16774554,16775587,16778332,16782312,16785336,16786271,	16767348,16770227,16774469,16774636,16775696,16778510,16782388,16785545,16786572,	0	ENSG00000157191	cmpl	cmpl	0,2,1,1,2,0,1,2,-1,
1	ENST00000457722	chr1	+	16767218	16785568	16767256	16785385	8	16767218,16770126,16774364,16774554,16775587,16778332,16782312,16785336,	16767270,16770227,16774469,16774636,16775696,16778510,16782388,16785568,	0	ENSG00000157191	cmpl	cmpl	0,2,1,1,2,0,1,2,
1	ENST00000443980	chr1	+	16767230	16786572	16767256	16785491	7	16767230,16770126,16774364,16774554,16775587,16778332,16785336,	16767348,16770227,16774469,16774636,16775696,16778510,16786572,	0	ENSG00000157191	cmpl	cmpl	0,2,1,1,2,0,1,
1	ENST00000504858	chr1	+	16767231	16778510	16767256	16775595	6	16767231,16770126,16774364,16775587,16776619,16778332,	16767348,16770227,16774469,16775696,16776736,16778510,	0	ENSG00000157191	cmpl	cmpl	0,2,1,1,-1,-1,
1	ENST00000492095	chr1	+	16767237	16786572	16767256	16785385	9	16767237,16770126,16774364,16774554,16775587,16778332,16782312,16785336,16785768,	16767348,16770227,16774469,16774636,16775696,16778510,16782388,16785557,16786572,	0	ENSG00000157191	cmpl	cmpl	0,2,1,1,2,0,1,2,-1,
1	ENST00000459640	chr1	+	16767250	16785451	16767256	16776715	9	16767250,16770126,16774364,16774554,16775587,16776619,16778332,16782312,16785336,	16767348,16770227,16774469,16774636,16775696,16776736,16778510,16782388,16785451,	0	ENSG00000157191	cmpl	cmpl	0,2,1,1,2,0,-1,-1,-1,
1	ENST00000496239	chr1	+	16767252	16786572	16786572	16786572	7	16767252,16770126,16774364,16774554,16775587,16782312,16785336,	16767348,16770227,16774469,16774636,16778510,16782388,16786572,	0	ENSG00000157191	none	none	-1,-1,-1,-1,-1,-1,-1,
1	ENST00000513161	chr1	+	16767266	16785503	16767266	16775595	6	16767266,16770126,16775587,16778332,16782312,16785336,	16767348,16770227,16775696,16778510,16782388,16785503,	0	ENSG00000157191	incmpl	incmpl	1,2,1,-1,-1,-1,
1	ENST00000374379	chr1	+	25071847	25170815	25072044	25167428	6	25071847,25124232,25140584,25153500,25166350,25167263,	25072116,25124342,25140710,25153607,25166532,25170815,	0	ENSG00000169504	cmpl	cmpl	0,0,2,2,1,0,
16	ENST00000489099	chr1	-	63906443	63989173	63913256	63988804	10	63906443,63912476,63913235,63919588,63920050,63920560,63944434,63955753,63974198,63988799,	63906774,63912527,63913285,63919645,63920144,63920639,63944504,63955889,63974241,63989173,	0	ENSG00000142856	cmpl	cmpl	-1,-1,1,1,0,2,1,0,2,0,
16	ENST00000371092	chr1	-	63906443	63988865	63912477	63988804	10	63906443,63912476,63919588,63920050,63920560,63944434,63955753,63974198,63975735,63988799,	63906774,63912527,63919645,63920144,63920639,63944504,63955889,63974241,63975852,63988865,	0	ENSG00000142856	cmpl	cmpl	-1,1,1,0,2,1,0,2,2,0,
